0.01401
0.02802
0.0560399
0.11208
0.22416
0.448319
0.896637
0.206725
0.41345
0.8269
0.346199
0.692398
0.615203
0.769593
0.460814
0.921627
0.156746
0.313491
0.626982
0.746035
0.50793
0.98414
0.0317204
0.0634407
0.126881
0.253763
0.507525
0.984949
0.030101
0.0602021
0.120404
0.240808
0.481616
0.963231
0.0735377
0.147075
0.29415
0.588301
0.823398
0.353203
0.706407
0.587187
0.825626
0.348747
0.697494
0.605012
0.789975
0.420049
0.840099
0.319803
0.639605
0.720789
0.558421
0.883158
0.233684
0.467368
0.934735
0.130529
0.261058
0.522116
0.955767
0.0884666
0.176933
0.353866
0.707731
0.584537
0.830926
0.338148
0.676295
0.647409
0.705181
0.589638
0.820724
0.358553
0.717105
0.56579
0.868419
0.263162
0.526324
0.947352
0.105296
0.210591
0.421182
0.842364
0.315272
0.630544
0.738911
0.522177
0.955646
0.0887084
0.177417
0.354833
0.709666
0.580668
0.838664
0.322672
0.645344
0.709312
0.581377
0.837247
