0.01401
0.02802
0.05604
0.11208
0.22416
0.44832
0.89664
0.20672
0.41344
0.82688
0.34624
0.69248
0.61504
0.76992
0.46016
0.92032
0.15936
0.31872
0.63744
0.72512
0.54976
0.90048
0.19904
0.39808
0.79616
0.40768
0.81536
0.36928
0.73856
0.52288
0.95424
0.09152
0.18304
0.36608
0.73216
0.53568
0.92864
0.14272
0.28544
0.57088
0.85824
0.28352
0.567039
0.865921
0.268158
0.536316
0.927368
0.145264
0.290527
0.581055
0.837891
0.324219
0.648438
0.703125
0.59375
0.8125
0.375
0.75
0.5
1
0
0
0
0
0
0
0
0
0
0
0
0
0
0
0
0
0
0
0
0
0
0
0
0
0
0
0
0
0
0
0
0
0
0
0
0
0
0
0
0
